#SampleFlag	pass		
Locus_ID	Ref_Allele_Counts	Alt_Allele_Counts	Other_Allele_Counts
rs4862374	45	5169	2
rs28394354	3504	3550	0
rs10169654	2855	81	0
rs7792485	1016	954	0
rs13106773	17	1637	2
rs195122	412	363	0
rs10496150	1635	1712	0
rs28408562	22	837	0
rs2383812	689	591	0
rs7734874	144	159	0
rs9864296	21	2185	2
rs6990827	722	831	0
rs398745	1276	1252	0
rs537432	1560	50	1
rs1892953	75	2636	0
rs9570447	1133	51	0
rs1741274	23	1723	0
rs1359215	42	1719	0
rs4857284	1010	984	0
rs55899538	786	891	3
rs7744571	1353	14	0
rs369751	15	1206	0
rs1934737	55	1099	1
rs34094301	1459	1425	1
rs6939421	594	560	0
rs1561680	343	389	0
rs9813474	687	9	0
rs2194236	11	671	0
rs7903683	345	356	0
rs3907134	21	606	1
rs4705475	1218	58	0
rs2285545	485	19	0
rs3098168	4	485	1
rs1201673	507	473	0
rs1924427	807	760	0
rs2080637	94	126	0
rs7752169	0	1518	0
rs62180470	133	3284	1
rs7301240	1504	1474	1
rs1378329	18	2605	1
rs17717270	26	842	0
rs1999263	84	70	0
rs1449445	1417	1295	1
rs1555380	561	35	0
rs9637290	442	347	1
rs12622650	306	255	0
rs12503072	231	264	1
rs3014561	1286	1446	0
rs687928	1011	1190	0
rs933820	10	706	0
rs4465496	1857	2024	2
rs7160372	1890	1908	1
rs1499899	1293	1494	0
rs6705138	1862	0	1
rs12699957	1323	33	0
rs12415456	936	941	4
rs4144397	695	637	0
rs8026015	29	1333	0
rs56298608	1231	1195	0
rs10745725	61	5657	3
rs9384952	820	18	0
rs623052	69	2137	0
rs4677108	1148	34	0
rs1510904	486	20	0
rs2121881	439	432	3
rs4982648	31	1478	0
rs11081037	1224	19	2
rs10513803	1132	22	0
rs6877199	1941	2149	3
rs36158849	3268	62	1
rs343805	383	545	3
rs11143176	951	1004	1
rs2211675	1667	1707	0
rs9321201	29	1601	1
rs4773718	2475	45	1
rs1490392	614	12	0
rs10786349	2031	1816	0
rs2036291	100	108	0
rs9304650	78	3903	0
rs6557440	1013	953	0
rs1126476	9	2380	1
rs1872609	1758	1811	0
rs893196	162	5487	2
rs2072973	793	888	1
rs2926426	28	1794	1
rs154214	2070	2185	0
rs2785731	1348	1301	0
rs1823887	1492	1654	0
rs1499922	41	2658	1
rs910792	1970	55	0
rs1166231	25	2748	1
rs7304354	1437	68	0
rs11899121	2819	2687	2
rs41089	232	191	0
rs330575	1780	1738	0
rs6472862	180	167	0
rs4851077	541	419	0
rs394750	784	3	0
rs10114192	697	702	2
rs11143810	77	2430	0
rs919320	0	721	0
rs4924176	708	748	0
rs11614639	411	535	0
rs11156787	1015	1084	0
rs824448	646	714	1
rs9380610	1017	1184	1
rs921802	2631	2848	0
rs10760617	1902	1994	0
rs1680690	576	530	0
rs4766232	49	2277	0
rs9856131	86	2599	0
rs8064562	9	1677	1
rs2470961	3835	73	0
rs11113569	1844	2046	0
rs9985370	35	985	1
rs2124299	817	851	0
rs4849073	2778	59	0
rs10064812	708	26	0
rs1763926	662	603	1
rs555172	5143	227	1
rs7450340	360	477	0
rs7125361	2005	41	1
rs1257263	267	263	0
rs4862122	3030	41	0
rs17507786	2177	80	0
rs7339162	215	203	0
rs1288200	907	933	0
rs10412617	8	826	0
rs514196	2041	28	0
rs5768657	116	10	0
rs1404719	1195	55	0
rs272735	309	295	0
rs4733017	947	966	0
rs12625702	761	738	0
rs7983579	785	20	0
rs7268	4449	28	0
rs10399787	27	3225	0
rs6774979	623	619	0
rs7926887	28	1088	0
rs9893096	2407	2363	2
rs6544490	8471	124	0
rs750961	31	2019	0
rs471234	3951	79	0
rs6796933	1271	1220	1
rs9909684	36	1424	0
rs17064378	86	1797	0
rs55847630	85	3410	0
rs2296241	124	149	0
rs12636811	311	329	0
rs35036278	449	424	0
rs2389557	946	853	0
rs3924716	1868	1826	1
rs1622264	1145	1191	0
rs904559	271	340	0
rs11733742	1741	67	1
rs8033162	124	133	0
rs67927311	34	768	0
rs10170311	22	4354	1
rs7236228	1635	14	0
rs1494338	943	735	0
rs4974438	875	868	0
rs11771560	46	779	0
rs4971380	2765	2878	2
rs12285109	1079	1057	0
rs7974066	458	22	0
rs2540311	609	544	0
rs9616586	1566	9	0
rs4353533	289	303	0
rs10196335	177	188	0
rs11711879	107	2803	3
rs6110405	1044	1115	0
rs157421	1548	1453	0
rs4722897	20	505	0
rs1363394	19	378	0
rs848507	373	361	0
rs12212030	1324	38	0
rs723211	1691	11	0
rs2048961	222	200	0
rs826410	7165	282	2
rs2394795	925	997	0
rs4683161	2159	48	0
rs324552	38	837	0
rs1535199	1089	1184	0
rs7591784	2172	2123	0
rs3817	3178	62	1
rs4979444	264	255	0
rs9355674	1307	1488	0
rs11774904	1658	71	0
rs11683312	756	836	0
rs2224176	654	1069	1
rs9667913	761	7	0
rs2593079	46	1967	0
rs6766256	1345	1184	1
rs1663501	1602	46	0
rs17025362	464	389	0
rs968137	130	2999	0
rs3123221	440	391	0
rs2547071	547	546	0
rs655258	488	568	1
rs164561	771	12	0
rs4732838	206	250	0
rs1332020	1904	1891	0